== graph chains with rank-mean replay wall per step in [0 32) ms
chains 472 run/step median 25.61 floor 3.74 peer-mean 4.71 compute-spread 1.09
rank  compute  peer  other  host  (per-step medians, ms)
   0    19.44  4.81   0.85  1.40
   1    19.79  4.21   0.88  1.54
   2    19.28  4.94   0.86  1.48
   3    19.27  4.95   0.87  1.43
   4    19.34  4.90   0.87  1.40
   5    19.23  4.89   0.85  1.46
   6    19.50  4.69   0.86  1.39
   7    19.36  4.95   0.86  1.30
   8    19.63  4.64   0.85  1.42
   9    19.60  4.71   0.85  1.33
  10    19.48  4.71   0.86  1.46
  11    19.46  4.71   0.86  1.43
  12    19.73  4.61   0.87  1.39
  13    19.46  4.72   0.87  1.45
  14    19.19  4.93   0.87  1.49
  15    19.79  4.45   0.86  1.48
== graph chains with rank-mean replay wall per step in [32 50) ms
chains 233 run/step median 40.54 floor 8.46 peer-mean 13.45 compute-spread 2.38
rank  compute  peer  other  host  (per-step medians, ms)
   0    24.40 13.81   1.24  1.50
   1    25.07 12.61   1.30  1.63
   2    24.31 13.62   1.26  1.58
   3    24.24 13.92   1.27  1.50
   4    24.18 13.75   1.25  1.52
   5    24.05 13.43   1.24  1.57
   6    24.35 13.68   1.27  1.57
   7    24.36 13.50   1.27  1.47
   8    26.50 12.96   1.38  1.56
   9    24.65 13.37   1.31  1.48
  10    24.30 13.52   1.25  1.53
  11    24.72 13.28   1.31  1.57
  12    25.08 12.89   1.37  1.59
  13    24.43 13.52   1.29  1.55
  14    24.38 13.49   1.31  1.53
  15    24.56 13.41   1.28  1.65
== graph chains with rank-mean replay wall per step in [50 80) ms
chains 284 run/step median 66.60 floor 11.73 peer-mean 17.26 compute-spread 3.38
rank  compute  peer  other  host  (per-step medians, ms)
   0    49.51 17.65   2.55  2.16
   1    49.95 15.60   2.57  2.24
   2    50.04 17.20   2.56  2.28
   3    49.66 17.12   2.55  2.26
   4    49.71 17.71   2.53  2.23
   5    49.63 17.26   2.56  2.22
   6    50.31 17.00   2.58  2.32
   7    50.15 17.17   2.56  2.26
   8    50.38 16.97   2.56  2.22
   9    49.72 17.53   2.54  2.24
  10    49.36 17.27   2.56  2.22
  11    49.90 17.22   2.58  2.24
  12    50.19 16.45   2.60  2.23
  13    50.36 16.83   2.57  2.30
  14    49.87 17.35   2.55  2.19
  15    49.89 16.99   2.54  2.39
